3
8
[0.38462310628523766, 0.664286523701914, -0.20482039829610144, -0.5588111235244175, -0.5039371458250008]
[0.004863618713323747, 0.9376096193596515, -0.10090624097175893, 0.31275367390141295, 0.2834501261507838]
[-0.590902166142135, -0.5708928194240013, -0.5373607288869413, -0.34549686847902317, 0.21650275927664175]
[-0.19188302541531188, -0.6356866594676072, 0.7599828397461503, 0.888846198122798, -0.21692127043611897]
[-0.1615885562747148, -0.2095638692984887, 0.6037017626093499, -0.7007106805553724, 0.86287312381639]
[0.37289013642585145, -0.1338397725694851, 0.016813337950126517, 0.08987093417317538, 0.7391634597545227]
[0.9475205549820587, 0.2855346889132815, -0.87288193658032, 0.47412345605208084, -0.1462684784177557]
[0.5932323947492846, -0.23367100991267997, -0.7010044039152323, 0.6910410097350468, -0.6153562713293654]
8
[-0.6357498002616884, 0.9132319664525161, -0.5437550051117175, -0.41314505258797984, -0.24373429385556156, 0.32162508922779365, 0.29771933961225683, 0.6678169240645295]
[-0.30264831151782734, -0.6945508190440641, 0.8318596568589776, -0.3396141359315461, -0.3854484682507071, -0.9335971472155313, 0.28994767920477815, 0.7581138554208195]
[-0.7660839903876318, -0.8647173436754128, -0.5969662055921952, -0.4294854541064579, -0.8330534929590798, -0.04990336460976774, -0.41435012070037214, -0.3405123853906582]
[-0.34362533701643594, -0.022438420024596395, -0.053989507358206845, 0.31970691115572913, 0.13495293983512324, 0.23791137115974625, -0.29390423979149705, 0.19279939574216587]
[0.2000146788339856, -0.2764475568037157, 0.9057416409346917, -0.38426337704835967, -0.23122000349169336, -0.4067964505843198, -0.9944599181718137, 0.3777792249874383]
[0.8456404181256416, 0.5856314663663684, -0.6308457144351272, 0.7802241989076613, -0.01485169020961652, -0.797751984681744, 0.07774679376107207, 0.7198113605577285]
[0.30220358753955523, -0.8070295805040744, -0.19549334529067264, -0.7677037150377044, -0.323707765681039, -0.9639804074732179, 0.42341546926246765, 0.26659393990296665]
[-0.4734500214376276, 0.8801672802596947, -0.751403683671972, 0.9131691462608684, -0.8944771377308389, 0.35759563937835037, 0.9428180193940943, 0.8573205381339917]
4
[0.1606232434016588, -0.5835181560287339, -0.2245938129071725, 0.9942165061070403, -0.07146517950622355, 0.6163020553323382, 0.7757638071445474, -0.7088300528063529]
[0.34782980543382, -0.04438886443424872, 0.439553183732488, -0.21243359648970506, 0.8132498503275534, -0.7985461240347818, -0.17785347075092117, -0.415144802069779]
[0.30505057819217196, 0.3276896102767832, 0.5231216406474706, -0.3664174966473115, 0.08768702407442985, 0.4516299716257903, -0.13535364777325465, -0.2721292203099206]
[-0.4016965617399162, -0.39958259926838124, 0.42009796843327907, 0.9526482575341022, 0.6220783244175754, 0.7098984560793817, 0.6396447687560034, 0.7345871192717097]
3
8
[-0.3998510763508314]
[0.8682823669013258]
[0.8571690291654184]
[-0.8651918065372868]
[0.1838382549640023]
[0.03679701237125421]
[0.36123878643495555]
[0.3143865762635687]
8
[0.33249762041436304]
[0.5550628868524661]
[0.558701733439037]
[0.8210188236421929]
[-0.5753674748115951]
[0.07386537569962814]
[0.46437284106773014]
[-0.5614258591273673]
4
[-0.20525060398651718]
[0.45505274771877646]
[0.18208284740264946]
[0.28012940411647835]
